      1 100
      1 101
      1 102
      1 104
      1 108
      1 110
      1 111
      1 116
      1 117
      2 119
      2 121
      2 122
      1 124
      2 127
      2 130
      1 135
      1 138
      1 145
      1 56.7
      1 57.8
      1 59.7
      1 59.9
      1 60.2
      1 60.4
      1 60.6
      1 60.8
      1 60.9
      1 61.0
      1 61.4
      2 61.5
      2 61.7
      1 62.0
      4 62.4
      1 62.5
      1 62.6
      1 62.8
      1 62.9
      1 63.1
      1 63.3
      2 63.6
      3 64.4
      2 64.6
      1 64.7
      2 65.1
      2 65.2
      2 65.3
      1 65.4
      1 65.7
      1 65.9
      2 66.3
      1 66.5
      1 66.6
      1 66.7
      1 66.8
      1 67.1
      1 67.2
      2 67.3
      1 67.4
      1 67.5
      2 67.8
      2 67.9
      2 68.0
      1 68.1
      1 68.6
      1 68.7
      1 68.8
      2 69.1
      1 69.2
      1 69.3
      1 69.6
      1 69.7
      2 70.1
      1 70.2
      4 70.3
      2 70.4
      2 71.1
      1 71.2
      2 71.3
      1 71.6
      1 71.8
      1 71.9
      1 72.4
      1 72.5
      1 72.7
      1 72.8
      1 72.9
      2 73.0
      2 73.3
      1 73.5
      1 73.6
      2 73.8
      1 73.9
      3 74.1
      2 74.6
      1 75.0
      2 75.6
      1 75.7
      1 75.8
      1 76.4
      1 76.5
      1 76.7
      2 76.8
      1 77.0
      1 77.4
      4 77.9
      3 78.2
      2 78.3
      1 78.8
      1 78.9
      1 79.3
      1 80.6
      1 80.8
      1 81.2
      1 82.0
      1 82.1
      1 82.4
      1 82.9
      1 83.6
      1 84.0
      1 85.2
      1 85.5
      1 86.0
      2 86.2
      1 86.6
      2 87.4
      1 88.0
      1 88.1
      1 88.4
      1 88.5
      1 88.6
      1 88.8
      1 89.2
      1 89.5
      1 89.7
      1 89.8
      1 90.5
      1 91.8
      1 91.9
      1 92.1
      1 92.5
      1 92.9
      1 93.0
      1 93.3
      1 93.4
      1 93.6
      1 94.0
      1 94.3
      1 94.5
      1 95.1
      1 95.2
      1 95.5
      1 95.8
      1 96.1
      1 96.2
      1 97.2
