      1 10.3
      1 1.28
      1 1.37
      1 1.42
      2 1.45
      1 1.46
      1 1.56
      1 1.58
      1 1.66
      1 1.68
      1 1.72
      1 1.74
      1 1.77
      2 1.79
      2 1.83
      1 1.84
      2 1.86
      1 1.87
      2 1.88
      1 1.89
      7 1.90
      6 1.91
      6 1.92
      5 1.93
      9 1.94
     10 1.95
     12 1.96
     16 1.97
     12 1.98
     16 1.99
     10 2.00
      9 2.01
      5 2.02
     14 2.03
      4 2.04
      7 2.05
      4 2.06
      5 2.07
      3 2.08
      2 2.09
      3 2.11
      1 2.12
      1 2.13
      3 2.14
      1 2.15
      1 2.17
      1 2.18
      1 2.23
      1 2.93
      1 3.01
      1 3.62
